0	0	0
1	1.054213063	0
2	1.772206144	0
3	2.401019448	0
4	2.977915514	0
5	3.518901975	0
6	4.032784673	0
7	4.525084552	0
8	4.999561	0
9	5.458924848	0
10	5.905215119	0
11	6.340016128	0
12	6.764591004	0
13	7.179968137	0
14	7.586999487	0
15	7.986401277	0
16	8.378783217	0
17	8.764670001	0
18	9.144517457	0
19	9.518724902	0
20	9.887644748	0
21	10.25159008	0
22	10.6108407	0
23	10.96564801	0
24	11.31623901	0
25	11.66281958	0
26	12.00557721	0
27	12.34468328	0
28	12.68029496	0
29	13.01255693	0
30	13.34160267	0
31	13.66755575	0
32	13.99053081	0
33	14.31063448	0
34	14.62796616	0
35	14.94261871	0
36	15.25467907	0
37	15.56422874	0
38	15.87134433	0
39	16.17609789	0
40	16.47855736	0
41	16.77878686	0
42	17.07684702	0
43	17.37279521	0
44	17.66668582	0
45	17.95857046	0
46	18.24849817	0
47	18.53651558	0
48	18.82266711	0
49	19.10699508	0
50	19.38953988	0
51	19.67034007	0
52	19.94943252	0
53	20.22685249	0
54	20.50263373	0
55	20.77680861	0
56	21.04940815	0
57	21.32046211	0
58	21.58999908	0
59	21.85804653	0
60	22.12463088	0
61	22.38977756	0
62	22.65351102	0
63	22.91585486	0
64	23.17683178	0
65	23.4364637	0
66	23.69477178	0
67	23.95177643	0
68	24.20749737	0
69	24.46195365	0
70	24.71516369	0
71	24.96714533	0
72	25.2179158	0
73	25.46749179	0
74	25.71588948	0
75	25.96312452	0
76	26.20921211	0
77	26.45416694	0
78	26.69800331	0
79	26.94073507	0
80	27.18237565	0
81	27.42293812	0
82	27.66243514	0
83	27.90087904	0
84	28.13828178	0
85	28.374655	0
86	28.61001	0
87	28.8443578	0
88	29.07770909	0
89	29.31007429	0
90	29.54146353	0
91	29.7718867	0
92	30.00135339	0
93	30.22987297	0
94	30.45745457	0
95	30.68410707	0
96	30.90983912	0
97	31.13465918	0
98	31.35857548	0
99	31.58159605	0
100	31.80372871	0
101	32.0249811	0
102	32.24536069	0
103	32.46487474	0
104	32.68353035	0
105	32.90133445	0
106	33.1182938	0
107	33.33441501	0
108	33.54970454	0
109	33.76416867	0
110	33.97781357	0
111	34.19064524	0
112	34.40266956	0
113	34.61389227	0
114	34.82431896	0
115	35.03395513	0
116	35.24280612	0
117	35.45087718	0
118	35.65817341	0
119	35.86469983	0
120	36.07046132	0
121	36.27546266	0
122	36.47970853	0
123	36.6832035	0
124	36.88595203	0
125	37.08795851	0
126	37.2892272	0
127	37.48976229	0
128	37.68956785	0
129	37.8886479	0
130	38.08700634	0
131	38.28464699	0
132	38.48157359	0
133	38.67778981	0
134	38.87329921	0
135	39.06810529	0
136	39.26221148	0
137	39.45562112	0
138	39.64833748	0
139	39.84036375	0
140	40.03170306	0
141	40.22235848	0
142	40.41233298	0
143	40.60162948	0
144	40.79025085	0
145	40.97819987	0
146	41.16547927	0
147	41.3520917	0
148	41.53803979	0
149	41.72332605	0
150	41.90795298	0
151	42.09192301	0
152	42.27523849	0
153	42.45790174	0
154	42.63991502	0
155	42.82128052	0
156	43.00200039	0
157	43.18207672	0
158	43.36151156	0
159	43.5403069	0
160	43.71846467	0
161	43.89598676	0
162	44.07287501	0
163	44.24913122	0
164	44.42475712	0
165	44.59975442	0
166	44.77412476	0
167	44.94786974	0
168	45.12099092	0
169	45.29348981	0
170	45.46536788	0
171	45.63662655	0
172	45.8072672	0
173	45.97729116	0
174	46.14669974	0
175	46.31549417	0
176	46.48367567	0
177	46.6512454	0
178	46.81820449	0
179	46.98455403	0
180	47.15029506	0
181	47.31542857	0
182	47.47995555	0
183	47.6438769	0
184	47.80719352	0
185	47.96990625	0
186	48.1320159	0
187	48.29352323	0
188	48.45442899	0
189	48.61473384	0
190	48.77443846	0
191	48.93354346	0
192	49.09204941	0
193	49.24995685	0
194	49.40726629	0
195	49.5639782	0
196	49.72009299	0
197	49.87561107	0
198	50.03053278	0
199	50.18485845	0
200	50.33858835	0
201	50.49172272	0
202	50.64426178	0
203	50.79620568	0
204	50.94755457	0
205	51.09830854	0
206	51.24846764	0
207	51.3980319	0
208	51.5470013	0
209	51.6953758	0
210	51.84315529	0
211	51.99033965	0
212	52.13692871	0
213	52.28292228	0
214	52.42832011	0
215	52.57312192	0
216	52.7173274	0
217	52.8609362	0
218	53.00394791	0
219	53.1463621	0
220	53.28817832	0
221	53.42939603	0
222	53.5700147	0
223	53.71003373	0
224	53.8494525	0
225	53.98827033	0
226	54.12648652	0
227	54.2641003	0
228	54.40111089	0
229	54.53751744	0
230	54.67331909	0
231	54.8085149	0
232	54.94310392	0
233	55.07708514	0
234	55.21045749	0
235	55.34321989	0
236	55.47537119	0
237	55.6069102	0
238	55.73783569	0
239	55.86814636	0
240	55.99784089	0
241	56.12691791	0
242	56.25537597	0
243	56.3832136	0
244	56.51042927	0
245	56.63702139	0
246	56.76298833	0
247	56.8883284	0
248	57.01303986	0
249	57.13712091	0
250	57.26056968	0
251	57.38338428	0
252	57.50556272	0
253	57.62710298	0
254	57.74800296	0
255	57.8682605	0
256	57.9878734	0
257	58.10683936	0
258	58.22515603	0
259	58.342821	0
260	58.45983179	0
261	58.57618582	0
262	58.69188048	0
263	58.80691306	0
264	58.92128077	0
265	59.03498076	0
266	59.1480101	0
267	59.26036575	0
268	59.37204462	0
269	59.48304351	0
270	59.59335914	0
271	59.70298815	0
272	59.81192706	0
273	59.92017232	0
274	60.02772027	0
275	60.13456714	0
276	60.24070906	0
277	60.34614206	0
278	60.45086205	0
279	60.55486483	0
280	60.65814606	0
281	60.76070131	0
282	60.862526	0
283	60.96361543	0
284	61.06396474	0
285	61.16356897	0
286	61.26242298	0
287	61.36052148	0
288	61.45785904	0
289	61.55443007	0
290	61.65022878	0
291	61.74524923	0
292	61.83948528	0
293	61.93293062	0
294	62.02557873	0
295	62.11742287	0
296	62.2084561	0
297	62.29867124	0
298	62.38806089	0
299	62.4766174	0
300	62.56433284	0
301	62.65119902	0
302	62.73720748	0
303	62.82234945	0
304	62.90661582	0
305	62.9899972	0
306	63.07248379	0
307	63.15406548	0
308	63.23473172	0
309	63.31447158	0
310	63.39327368	0
311	63.47112617	0
312	63.54801672	0
313	63.62393248	0
314	63.69886001	0
315	63.77278531	0
316	63.84569372	0
317	63.91756989	0
318	63.98839776	0
319	64.05816045	0
320	64.12684023	0
321	64.19441847	0
322	64.2608755	0
323	64.32619058	0
324	64.39034179	0
325	64.45330588	0
326	64.5150582	0
327	64.5755725	0
328	64.6348208	0
329	64.69277317	0
330	64.74939754	0
331	64.80465937	0
332	64.85852142	0
333	64.9109433	0
334	64.96188107	0
335	65.01128667	0
336	65.05910727	0
337	65.10528441	0
338	65.14975294	0
339	65.19243971	0
340	65.23326172	0
341	65.27212376	0
342	65.30891509	0
343	65.34350473	0
344	65.3757344	0
345	65.40540749	0
346	65.43227047	0
347	65.45597838	0
348	65.47602069	0
349	65.49151575	0
350	65.5	0
